                 XRX       110      7.83          861.3
                 USO        10     39.42          394.2
                 USB         7     23.29         163.03
                  PG         1      61.8           61.8
                ADBE         1     35.81          35.81
                 TWX         1     31.64          31.64
                 KFT         1     27.17          27.17
                INTC         1     19.24          19.24
                 NCC         1       2.2            2.2
                  QI         7      0.14           0.98
